0010100111100101101110011110000001110111101100000011100100011001110001110010000010010101001011000100
0111100111110101010101110011110111000110111010010111110100000110110100110110000101011110101100111110
1000000101101100011100000000110010111111101001111001101100110111101011111001100010000111000011000111
1110101111001011110111101110110101011011100100000101000000100010110001010101001000000001111111011010
0110001101110101010100101010011010110000101100011111010011100010011010001101110101001111000100100000
1110011010110010110001110101001010000001010101011111111000000000000101010110100001011111110101111011
1010111001001110000111011100110101100101101010101101001001110010110111010001101101111101000010100010
0101010110101001111000001001001001011000111011110001101100011111101101010011101011111001110010001111
0010111011110110011111101010111101001100011001001100001111010001011001101111001010110011110000110110
0111010111101010100000000010010001001001110011101101110100010111001011011001110110101000000000000010
1011100101000000100001100101000101110111100001110010010011001011100100011100101010001011010011001001
0000111001110101110101110000011110011011100110001111010000110001010101101010110110110101110110000000
1100001111101010100011101000110010111111100100010100111100010111110100001100100110010011000010101000
0101101010010110101100101011000010110001000111110111010100000110100000011101011110000001010001101000
0101011001010101110010101010100000110111100110011111010100100000000100110001111100000011100111000111
0001010001011110100100111011110110010001001110100101101101110010010100011110111000000000001011110011
1011011111011000110101011011011100100011000001111111001101111010010010000111101001100100101001101111
0100101101100010010110010011010000010111101101101100100011000001010010101001111000010110011001100001
1110100011111001110101101001110011110011011111011111001100111101111010010100011001011010001101110000
0000001010110101010101010001001100101111011101101101001110011000111110011100111000011100000001011111
1110111100111100100001001101101101000001111111011000101100011000010000111001101100101111010010100010
1100110010010110100111001111100010110001001100100100110100111000010110001100000001011000010011101110
0111000101010011010100111110101110111010011100000100101110011010110110010000111001000011110001110011
1000001001100111111111100000101110000110010001001011101010010101011001001101011011111101111001111011
0100101111000100001000111110111010100011011111000011111101001011110000100100110111011010000011110101
1000110011101110011011111110001001011001001110011110100110011010011110110111010100001111101111010001
0001110110010001010110010110011001110000011111000111000111110101011011111100011010011101110111011101
0111100010100111010101000011010110101001111110011000101111111110110110010101100001111100000001001100
0110110011110010101010010010000101010100000011001111010111111000011100111101010000010010101111100000
1101110110001000010011101110010000111001001111111111101101000100111011000001101111111000000100101011
1010111101111101010001001001010000100111110010111100011000010010101111001110010101010000101111111100
1000011000000010000011000000010110111001100111100000110000100001011011011010010111110110011110110110
0101010101011100100001011111000001011000011010100101110000111010100101001001000010111011100001110000
1010001010011111001100111010010010100001011111101101001000111100111010011001010110010000010000101011
0100011100000000101011011000110001001110100001000100010110001011000000111010001111101001001110111111
1101011101011000000111101000011110110101000001101010011011110110000001001100010001100110111010110001
0111001001111010101011010001101010011011100101100110010100101111111011100001111000011000110001101110
1000001000111101000111101001010111111100011101110010011011010010010010101000011100100011011001110101
0000001101110100001110001001010000101101101101101000111101110000011111010100001000101100100101111000
1001110001101100101110000111010000000100111100001101100100100011111010111000010110000100110001110100
0001101000001111110001000001110110101110101000001000111100011001110101101000000011010011011100011011
1110000100001101010100011100001111001110100000111101001011000110001100101111111101101110100001010000
1001000011001000000111001111010000011111100101111011000000111000001111011101000100011110000110001000
0110100000110001010110000001111111100010011111110100001011011101110110001010011101111100010110010011
0100110101000011010100011010111001101010010101011110001001100000111110110110111110010001101001000010
0101100000101000100011001001101011101010000001000001011000011100111011110000001011010100101010010100
0001100110110001010000111011110011010011001010010101101101111001101101110100101001100011101011011101
0100010101101110010001110101110000101111111001001101110011101001011100100100000011100111111000101000
0110000010110110000111011101011101111000000000011000011100001100101011101110101010110001100100000011
0100100110010010100011111101001110010000010000011010010111001101100011100010111101100010011011000110
1010100011011100101011001100111001011101011001000100010001111011110010001010010001001001010010110001
0000100000110001100001111010111101001001011010011010000110111001010000110111010111000101111100100101
0001011010100111111110011101001110111111011110100101101000100101100110010101001000110011110111001110
1110100101001111000100000100100110100000000110011001111001111100011101101001111111111100111100000010
0101110010010011010001111111101001100011111011101011101110110011010101010111101110101001000001100111
1101011111101101010111010001001000111010000100100010100111001001010011100101001110000001000000000100
1000011111110101011001101101110101001011000010010010011001010010011001101001110000010000101111100010
1111010001111100001110101101101001011000001111010100000110101110011100010011011100101101101011100001
1000101010101010111011110001001001111010111001011101110101100010111111110001111101110110001011011110
0100001000001110001110010001000010111100100110001010110100100010000111110010001111110001101110010010
0101011001010100111110100111001100101011000011001111111010011000101000010111010101010010010110000000
1101111010011110010000001100011110010001111111010110011101100100010010011101101100011001010111001010
1001000000110010000111100010000101111101111011000001101101001010011011000100100111110000001000000001
0010100101110000001100001000001010111110101000101001010111110101110010011110100110111001111100101101
1010001101000010100100110110110011100010111101000101011100001110111000001010111110001100111111001010
1111100100011110110010101101111110010100010101110111001010011011001001010101100110111111101110000110
0111001111000011111111111000111001000001101110101111010011101100000100001100100110100010010011011001
0111000111001101111000000000010000101010101110110000001000101110101110000101111110010110010001111000
0110111100111110001001111011001000001101110110100101111111110000100001101001100101011101000111100101
1001010000100100100011111011101010000001000011111100100010111001100111010111010110011011001111101010
0000010100100110101010001101001010000010100001010001101111101010101110001010011110000001000101011100
0010111011011010010011100110110010010010011010010001010000101000000011111100111110111010011001010101
0011001010111100000000010111000011010110011010011011010000101010100100010100100110001011111111100000
0001000111101010101110000011000010001111000100011111011100110010000010000011101000000100110000101101
1010010101101000110111000000100110011110011111101011010100101110010111001000001001001100000110001001
0111011110110010100110000010101110000000110101010100010000100011110101100011101000000110111101111101
1000101001000100101110010010001101100101000010000101010111110110010010001000101100011011101111000001
0010100111101000111110111101000101100110010001100000010110101110110100000100000101100011011000011111
1000010001100001000011010110011010010010000101100101110010110101101101001101110000101011111100100011
0111001001010010011001111101111111110110100100110000001010110110100011111010100100111110111010110010
0001101100000110100011000001101011000010010100011011010010111100001100101001100001111100000010101000
0100000100101011000001011101010100000101010101100010001011101100001100110100011111010111010000000000
0001101100000111001111011001111001001011000110110110011011010001010111100110100111110001001101010101
0101101000001000011100000111100101000101001101110011100100010010010110001100100001101000110110010010
1001001000100000111101111100101010111110110000110110101010111100111011111010001110010011100001010001
1011011101111001110101011010000101011010100010010100111100011011100010100101000000011101110001001010
0000111110110111100010111001101100010000000101111000000010011011100011010100100110001000011110110001
1010101110110000110110000111001101011110011110111001111000010100110001011100100110010110101011101111
0110011001100110100011010011011000010001111101111100100111000101000110101000001110000100000010000110
1001110000000010011110101100001000011010100101101000011001101001000011110111000110010101001110011101
0110001001001000101110001001101111111111011001111101001100010011110110110100010111010111011000101100
1001011001100101011100100010001000101101111001111011110010111010010110101101111111101111000101101111
1010010011011100001000001011011011110100000101110001001110001101101101001100000011001010111100001001
1011100110010110001110011111111000111100111000001100010101100101000101010111101011011111000010100101
1011101101100011111110111001111100000101010001110000101101001111100010110101001000011110010100010100
0000101100100101010100010001001110110110001101001100011010100000000011011001010011000000011111111000
1011101011011001101000001110110110110101001110110101010110010011111001010101000011101010101010101000
0010000100010111010001111010011010010011010101010110011001000110111100101111101101110100001100010010
0001010111001001101100001111000000000110011101011011001011100110000110100110110011011001001111010110
1100111110111100000011111000111100100111010110111111110010110011101100010110110001011100001001001011